% T(:,:,1,1)= [1 5; 10 13]
% T(:,:,2,1)= [ 2 4; 6 3]
% 
% T(:,:,1,2)= [ 13 3; 5 8 ];
% T(:,:,2,2)= [  1 2; 5 6];
% 
% T(:,:,1,3)= [ 6 9 ;15 23];
% T(:,:,2,3)= [ 7 8; 16 12];
% 
% T(:,:,1,4)= [8 10; 19 16];
% T(:,:,2,4)= [1 5; 10 13];
% 
% T(:,:,1,1)= [1 5 6; 10 13 12; 5 8 9];
% T(:,:,2,1)= [ 2 4 8; 6 3 10; 15 23 16];
% T(:,:,3,1)= [ 12 6 8; 5 8 6; 1 13 5];
% 
% T(:,:,1,2)= [ 13 3 8; 5 8 9; 1 2 3 ];
% T(:,:,2,2)= [  1 2 5; 5 6 10; 5 3 2];
% T(:,:,3,2)= [  12 15 13; 13 19 23; 1 5 6];
% 
% T(:,:,1,3)= [ 6 9 23;15 23 2; 10 5 6];
% T(:,:,2,3)= [ 7 8 8; 16 12 10; 13 15 22];
% T(:,:,3,3)= [5 9 7; 15 2 6; 16 2 13];
% 
% T(:,:,1,4)= [8 10 5; 19 16 3; 6 9 5];
% T(:,:,2,4)= [1 5 2; 10 13 19; 5 16 3];
% T(:,:,3,4)= [5 9 7; 2 6 5; 12 10 5];

%  T(:,:,1)= [2 5 1; 2 4 6; 3 2 3];
%  T(:,:,2)= [2 5 1; 2 4 6; 3 2 3];
%  T(:,:,3)= [2 5 1; 2 4 6; 3 2 3];

% T(:,:,1,1) = [ 7 7 8 9 ; 9 9 9 9  ;8 8 8 9  ;9 9 9 9 ]
% T(:,:,2,1) = [6 6 6 7 ; 8 8 9 9 ; 7 7 8 8 ; 9 9 9 9  ]
% T(:,:,3,1) = [9 9 9 9  ;9 9 9 9  ;9 9 9 9 ;9 9 9 9  ]
% T(:,:,4,1) = [9 9 9 9  ;9 8 8 9   ;9 9 9 9  ;9 8 8 9 ] 

% T(:,:,1,2) = [9 9 9 9  ;9 9 9 9  ;9 9 9 9  ;9 9 9 9 ]
% T(:,:,2,2) = [9 9 9 9  ;9 9 9 9  ;9 9 9 9  ;9 9 9 9 ] 
% T(:,:,3,2) = [9 8 8 9 ;9 9 9 9  ;9 9 9 9  ;9 9 9 9  ]
% T(:,:,4,2) = [8 8 7 8  ;9 9 9 9  ;8 8 7 8 ;9 8 8 9 ] 
% 
% T(:,:,1,3) = [9 9 9 9  ;9 9 9 9  ;9 9 9 9  ;9 9 9 9  ]
% T(:,:,2,3) = [9 9 9 9  ;9 8 8 9   ;9 9 9 9 ;9 8 8 9] 
% T(:,:,3,3) = [9 9 9 9 ;9 9 9 9 ;9 9 9 9  ;9 9 9 9] 
% T(:,:,4,3) = [9 9 9 9  ;9 9 9 9   ;9 9 9 9 ;9 9 9 9 ] 
% 
% T(:,:,1,4) = [6 6 5 6 ; 9 9 9 9;8 4 4 8; 9 9 9 9 ]
% T(:,:,2,4) = [5 5 5 5  ; 9 9 9 9  ;5 5 5 5; 6 6 6 6] 
% T(:,:,3,4) = [8 8 8 8 ;9 9 9 9 ;9 9 9 9 ; 9 9 9 9 ]
% T(:,:,4,4) = [8 7 7 8 ; 9 9 9 9  ;8 7 7 8 ;9 8 8 9 ]


T(:,:,1,1) = [ 7 7 8 9 7 7 9 9; 9 9 9 9 9 9 9 9 ;8 8 8 9 8 8 9 9 ;9 9 9 9 9 9 9 9;6 6 6 7 6 6 9 7; 8 8 9 9 8 8 9 9; 7 7 8 8 7 7 9 8; 9 9 9 9 9 9 9 9 ]
T(:,:,2,1) = [9 9 9 9 9 9 9 9 ;9 9 9 9 9 9 9 9 ;9 9 9 9 9 9 9 9 ;9 9 9 9 9 9 9 9 ;9 9 9 9 9 9 9 9 ;9 8 8 9  9 9 8 8  ;9 9 9 9 9 9 9 9 ;9 8 8 9 9 9 8 8] 
T(:,:,3,1) = [9 9 9 9 9 9 9 9 ;9 9 9 9 9 9 9 9 ;9 9 9 9 9 9 9 9 ;9 9 9 9 9 9 9 9 ;9 9 9 9 9 9 9 9 ;9 9 9 9 9 9 9 9  ;9 9 9 9 9 9 9 9 ;9 9 9 9 9 9 9 9] 
T(:,:,4,1) = [9 8 8 9 9 9 8 8 ;9 9 9 9 9 9 9 9 ;9 9 9 9 9 9 9 9 ;9 9 9 9 9 9 9 9 ;8 8 7 8 9 8 7 7 ;9 9 9 9 9 9 9 9 ;8 8 7 8 9 8 7 7 ;9 8 8 9 9 9 8 8] 
T(:,:,5,1) = [9 9 9 9 9 9 9 9 ;9 9 9 9 9 9 9 9 ;9 9 9 9 9 9 9 9 ;9 9 9 9 9 9 9 9 ;9 9 9 9 9 9 9 9 ;9 8 8 9  9 9 8 8  ;9 9 9 9 9 9 9 9 ;9 8 8 9 9 9 8 8] 
T(:,:,6,1) = [9 9 9 9 9 9 9 9 ;9 9 9 9 9 9 9 9 ;9 9 9 9 9 9 9 9 ;9 9 9 9 9 9 9 9 ;9 9 9 9 9 9 9 9 ;9 9 9 9 9 9 9 9  ;9 9 9 9 9 9 9 9 ;9 9 9 9 9 9 9 9] 
T(:,:,7,1) = [6 6 5 6 8 7 5 5 ; 9 9 9 9 9 9 9 9 ;8 4 4 8 9 9 6 7; 9 9 9 9 9 9 9 9; 5 5 5 5 8 6 5 5 ; 9 9 9 9 9 9 9 9 ;5 5 5 5 8 6 5 5; 6 6 6 6 9 7 5 6] 
T(:,:,8,1) = [8 8 8 8 9 9 8 8 ;9 9 9 9 9 9 9 9;9 9 9 9 9 9 9 9; 9 9 9 9 9 9 9 9 ;8 7 7 8 9 8 7 7; 9 9 9 9 9 9 9 9 ;8 7 7 8 9 8 7 7 ;9 8 8 9 9 9 8 8]

T(:,:,1,2) = [ 7 7 8 9 7 7 9 9; 9 9 9 9 9 9 9 9 ;8 8 8 9 8 8 9 9 ;9 9 9 9 9 9 9 9;6 6 6 7 6 6 9 7; 8 8 9 9 8 8 9 9; 7 7 8 8 7 7 9 8; 9 9 9 9 9 9 9 9 ]
T(:,:,2,2) = [9 9 9 9 9 9 9 9 ;9 9 9 9 9 9 9 9 ;9 9 9 9 9 9 9 9 ;9 9 9 9 9 9 9 9 ;9 9 9 9 9 9 9 9 ;9 8 8 9  9 9 8 8  ;9 9 9 9 9 9 9 9 ;9 8 8 9 9 9 8 8] 
T(:,:,3,2) = [9 9 9 9 9 9 9 9 ;9 9 9 9 9 9 9 9 ;9 9 9 9 9 9 9 9 ;9 9 9 9 9 9 9 9 ;9 9 9 9 9 9 9 9 ;9 9 9 9 9 9 9 9  ;9 9 9 9 9 9 9 9 ;9 9 9 9 9 9 9 9] 
T(:,:,4,2) = [9 8 8 9 9 9 8 8 ;9 9 9 9 9 9 9 9 ;9 9 9 9 9 9 9 9 ;9 9 9 9 9 9 9 9 ;8 8 7 8 9 8 7 7 ;9 9 9 9 9 9 9 9 ;8 8 7 8 9 8 7 7 ;9 8 8 9 9 9 8 8] 
T(:,:,5,2) = [9 9 9 9 9 9 9 9 ;9 9 9 9 9 9 9 9 ;9 9 9 9 9 9 9 9 ;9 9 9 9 9 9 9 9 ;9 9 9 9 9 9 9 9 ;9 8 8 9  9 9 8 8  ;9 9 9 9 9 9 9 9 ;9 8 8 9 9 9 8 8] 
T(:,:,6,2) = [9 9 9 9 9 9 9 9 ;9 9 9 9 9 9 9 9 ;9 9 9 9 9 9 9 9 ;9 9 9 9 9 9 9 9 ;9 9 9 9 9 9 9 9 ;9 9 9 9 9 9 9 9  ;9 9 9 9 9 9 9 9 ;9 9 9 9 9 9 9 9] 
T(:,:,7,2) = [6 6 5 6 8 7 5 5 ; 9 9 9 9 9 9 9 9 ;8 4 4 8 9 9 6 7; 9 9 9 9 9 9 9 9; 5 5 5 5 8 6 5 5 ; 9 9 9 9 9 9 9 9 ;5 5 5 5 8 6 5 5; 6 6 6 6 9 7 5 6] 
T(:,:,8,2) = [8 8 8 8 9 9 8 8 ;9 9 9 9 9 9 9 9;9 9 9 9 9 9 9 9; 9 9 9 9 9 9 9 9 ;8 7 7 8 9 8 7 7; 9 9 9 9 9 9 9 9 ;8 7 7 8 9 8 7 7 ;9 8 8 9 9 9 8 8]

T(:,:,1,3) = [ 7 7 8 9 7 7 9 9; 9 9 9 9 9 9 9 9 ;8 8 8 9 8 8 9 9 ;9 9 9 9 9 9 9 9;6 6 6 7 6 6 9 7; 8 8 9 9 8 8 9 9; 7 7 8 8 7 7 9 8; 9 9 9 9 9 9 9 9 ]
T(:,:,2,3) = [9 9 9 9 9 9 9 9 ;9 9 9 9 9 9 9 9 ;9 9 9 9 9 9 9 9 ;9 9 9 9 9 9 9 9 ;9 9 9 9 9 9 9 9 ;9 8 8 9  9 9 8 8  ;9 9 9 9 9 9 9 9 ;9 8 8 9 9 9 8 8] 
T(:,:,3,3) = [9 9 9 9 9 9 9 9 ;9 9 9 9 9 9 9 9 ;9 9 9 9 9 9 9 9 ;9 9 9 9 9 9 9 9 ;9 9 9 9 9 9 9 9 ;9 9 9 9 9 9 9 9  ;9 9 9 9 9 9 9 9 ;9 9 9 9 9 9 9 9] 
T(:,:,4,3) = [9 8 8 9 9 9 8 8 ;9 9 9 9 9 9 9 9 ;9 9 9 9 9 9 9 9 ;9 9 9 9 9 9 9 9 ;8 8 7 8 9 8 7 7 ;9 9 9 9 9 9 9 9 ;8 8 7 8 9 8 7 7 ;9 8 8 9 9 9 8 8] 
T(:,:,5,3) = [9 9 9 9 9 9 9 9 ;9 9 9 9 9 9 9 9 ;9 9 9 9 9 9 9 9 ;9 9 9 9 9 9 9 9 ;9 9 9 9 9 9 9 9 ;9 8 8 9  9 9 8 8  ;9 9 9 9 9 9 9 9 ;9 8 8 9 9 9 8 8] 
T(:,:,6,3) = [9 9 9 9 9 9 9 9 ;9 9 9 9 9 9 9 9 ;9 9 9 9 9 9 9 9 ;9 9 9 9 9 9 9 9 ;9 9 9 9 9 9 9 9 ;9 9 9 9 9 9 9 9  ;9 9 9 9 9 9 9 9 ;9 9 9 9 9 9 9 9] 
T(:,:,7,3) = [6 6 5 6 8 7 5 5 ; 9 9 9 9 9 9 9 9 ;8 4 4 8 9 9 6 7; 9 9 9 9 9 9 9 9; 5 5 5 5 8 6 5 5 ; 9 9 9 9 9 9 9 9 ;5 5 5 5 8 6 5 5; 6 6 6 6 9 7 5 6] 
T(:,:,8,3) = [8 8 8 8 9 9 8 8 ;9 9 9 9 9 9 9 9;9 9 9 9 9 9 9 9; 9 9 9 9 9 9 9 9 ;8 7 7 8 9 8 7 7; 9 9 9 9 9 9 9 9 ;8 7 7 8 9 8 7 7 ;9 8 8 9 9 9 8 8]

T(:,:,1,4) = [ 7 7 8 9 7 7 9 9; 9 9 9 9 9 9 9 9 ;8 8 8 9 8 8 9 9 ;9 9 9 9 9 9 9 9;6 6 6 7 6 6 9 7; 8 8 9 9 8 8 9 9; 7 7 8 8 7 7 9 8; 9 9 9 9 9 9 9 9 ]
T(:,:,2,4) = [9 9 9 9 9 9 9 9 ;9 9 9 9 9 9 9 9 ;9 9 9 9 9 9 9 9 ;9 9 9 9 9 9 9 9 ;9 9 9 9 9 9 9 9 ;9 8 8 9  9 9 8 8  ;9 9 9 9 9 9 9 9 ;9 8 8 9 9 9 8 8] 
T(:,:,3,4) = [9 9 9 9 9 9 9 9 ;9 9 9 9 9 9 9 9 ;9 9 9 9 9 9 9 9 ;9 9 9 9 9 9 9 9 ;9 9 9 9 9 9 9 9 ;9 9 9 9 9 9 9 9  ;9 9 9 9 9 9 9 9 ;9 9 9 9 9 9 9 9] 
T(:,:,4,4) = [9 8 8 9 9 9 8 8 ;9 9 9 9 9 9 9 9 ;9 9 9 9 9 9 9 9 ;9 9 9 9 9 9 9 9 ;8 8 7 8 9 8 7 7 ;9 9 9 9 9 9 9 9 ;8 8 7 8 9 8 7 7 ;9 8 8 9 9 9 8 8] 
T(:,:,5,4) = [9 9 9 9 9 9 9 9 ;9 9 9 9 9 9 9 9 ;9 9 9 9 9 9 9 9 ;9 9 9 9 9 9 9 9 ;9 9 9 9 9 9 9 9 ;9 8 8 9  9 9 8 8  ;9 9 9 9 9 9 9 9 ;9 8 8 9 9 9 8 8] 
T(:,:,6,4) = [9 9 9 9 9 9 9 9 ;9 9 9 9 9 9 9 9 ;9 9 9 9 9 9 9 9 ;9 9 9 9 9 9 9 9 ;9 9 9 9 9 9 9 9 ;9 9 9 9 9 9 9 9  ;9 9 9 9 9 9 9 9 ;9 9 9 9 9 9 9 9] 
T(:,:,7,4) = [6 6 5 6 8 7 5 5 ; 9 9 9 9 9 9 9 9 ;8 4 4 8 9 9 6 7; 9 9 9 9 9 9 9 9; 5 5 5 5 8 6 5 5 ; 9 9 9 9 9 9 9 9 ;5 5 5 5 8 6 5 5; 6 6 6 6 9 7 5 6] 
T(:,:,8,4) = [8 8 8 8 9 9 8 8 ;9 9 9 9 9 9 9 9;9 9 9 9 9 9 9 9; 9 9 9 9 9 9 9 9 ;8 7 7 8 9 8 7 7; 9 9 9 9 9 9 9 9 ;8 7 7 8 9 8 7 7 ;9 8 8 9 9 9 8 8]


T(:,:,1,5) = [ 7 7 8 9 7 7 9 9; 9 9 9 9 9 9 9 9 ;8 8 8 9 8 8 9 9 ;9 9 9 9 9 9 9 9;6 6 6 7 6 6 9 7; 8 8 9 9 8 8 9 9; 7 7 8 8 7 7 9 8; 9 9 9 9 9 9 9 9 ]
T(:,:,2,5) = [9 9 9 9 9 9 9 9 ;9 9 9 9 9 9 9 9 ;9 9 9 9 9 9 9 9 ;9 9 9 9 9 9 9 9 ;9 9 9 9 9 9 9 9 ;9 8 8 9  9 9 8 8  ;9 9 9 9 9 9 9 9 ;9 8 8 9 9 9 8 8] 
T(:,:,3,5) = [9 9 9 9 9 9 9 9 ;9 9 9 9 9 9 9 9 ;9 9 9 9 9 9 9 9 ;9 9 9 9 9 9 9 9 ;9 9 9 9 9 9 9 9 ;9 9 9 9 9 9 9 9  ;9 9 9 9 9 9 9 9 ;9 9 9 9 9 9 9 9] 
T(:,:,4,5) = [9 8 8 9 9 9 8 8 ;9 9 9 9 9 9 9 9 ;9 9 9 9 9 9 9 9 ;9 9 9 9 9 9 9 9 ;8 8 7 8 9 8 7 7 ;9 9 9 9 9 9 9 9 ;8 8 7 8 9 8 7 7 ;9 8 8 9 9 9 8 8] 
T(:,:,5,5) = [9 9 9 9 9 9 9 9 ;9 9 9 9 9 9 9 9 ;9 9 9 9 9 9 9 9 ;9 9 9 9 9 9 9 9 ;9 9 9 9 9 9 9 9 ;9 8 8 9  9 9 8 8  ;9 9 9 9 9 9 9 9 ;9 8 8 9 9 9 8 8] 
T(:,:,6,5) = [9 9 9 9 9 9 9 9 ;9 9 9 9 9 9 9 9 ;9 9 9 9 9 9 9 9 ;9 9 9 9 9 9 9 9 ;9 9 9 9 9 9 9 9 ;9 9 9 9 9 9 9 9  ;9 9 9 9 9 9 9 9 ;9 9 9 9 9 9 9 9] 
T(:,:,7,5) = [6 6 5 6 8 7 5 5 ; 9 9 9 9 9 9 9 9 ;8 4 4 8 9 9 6 7; 9 9 9 9 9 9 9 9; 5 5 5 5 8 6 5 5 ; 9 9 9 9 9 9 9 9 ;5 5 5 5 8 6 5 5; 6 6 6 6 9 7 5 6] 
T(:,:,8,5) = [8 8 8 8 9 9 8 8 ;9 9 9 9 9 9 9 9;9 9 9 9 9 9 9 9; 9 9 9 9 9 9 9 9 ;8 7 7 8 9 8 7 7; 9 9 9 9 9 9 9 9 ;8 7 7 8 9 8 7 7 ;9 8 8 9 9 9 8 8]


